7  63  42  45  71  22
7  25  26  52  79  27  27  31  16  14  37
7  19  21  37  83  15  537  81  35  66
7  10  70  123
7  40  32  38  22  21  124  96  118  143  59  24
7  19  34  36  25
7  75  24  27  18  23  42  70
7  61
7  54  33  97  34  119  55  61  28  41  36  38  39  44  22  15  53  24  85  189  19  482  18  91  26  58
7  23  19  116  36  18  29  23  19  47  42  27  23  38  38  35
7  28  17  39  83  535  22  45  16  17  125  38
7  15  40  47  36  35  15  46  16  62  67  27  29  18  16  55  15  11  19  41  68  26  19  18
7  18  20  48  23  59
7  179  34  33  63
7  19  224  237  53  27  103
7  22  42  15  43  20  42  32  35  19  27  73  39  115  33
7  32  22  73  17  95  154  16  43  249  47  179  55  101
7  32  22  73  17  95  154  16  43  249  47  179  55  101
7  413  19  304  66  85  26  25  121  64  21  14  26  27  51  35  288  16  187  38  22  477  31  63  46
7  49  16  30  34  17  18  34  67  24  17  30  15  91  30  44  315  256  21  42  44  111
7  48  25
7  21  33  19
7  40  27  18  21  62  68  13  23  26  17  79  14  39  23  26  16
7  31  16  333  35  47  16  23  162  300  39  23  14  16  20  41  124  52
7  45  32
7  181  101  21  51  16  29  15  18
7  16  20  41  17  55  15  102  40  29  21  129  21  50  16  17  47  60  41  259  22  49  15  48  306  587  21  40
7  43  206  18  17  34  19  204  32  142  40
7  23  64  46  84  35  17  38  17  55  28  57  42  352  118  121  36  20  17  19  33  20  451  46  199  14  68  96  17  14  22  25  22  29  53
7  40  50  34  31  29  43  15
7  30  54
7  29
7  26  23  69  24  17  64  545
7  36  52  27  19  97  60  44  40  14  17  17
7  360  42  51  27  26  303  23  30  109  25  54  19  21  19  23  61  18  70  20  26  23  320  17  170  16  71  17  36  48  16  64  66  20  60  32  334  101  24  36  15  44  40  38  548  29  47  15  16  18  40  16  287  17  378  52  21
7  65  46  403  35  29  37  17  55  29  41  297  127  36  21  18  20  32  21  19  455  47  67  278  22  29  53
7  41  39  50  20  30  36  19  100  41  100  49  24  28  37  429  31  28  44  88
7  35  25  15  18  38  40  187  128  21  50  16  125  17  204  303  410  200  497  58  81  482  119  18  29  517  17  132  21  110  24  21  14  18  25  17  58  56
7  76  545  48  29  27  20  42  80  31  27  22  33  25  41  18  29  22  19  19  57  36
7  15  32  53  85  8  21  15  62  38  20  51  46  48  119  569  59  18  419  121
7  16  21  31  23  47  17  83  52  55  54
7  100  39  17  14  61  31  29  25  19  122  107  37  45  17  39  39  39  19  205  67  33  27  42  45  284  26
7  54  18  69  46  14  22  78  48  23  29  261  18  49  386  73  25  24  53  73  15  52  18  16  74  32  72  22  19  22  245  34  57  28  24  541  26  23  30  35  328  71  17  27  24
7  49  345  40
7  39  42  52  55  34  17  17  39  22  30  20  30  16  387  153  65  20  21  44  17  120  402  17  23  122  102  14  29  33
7
7  40  41  51  56  34  17  17  39  22  30  19  30  16  388  153  65  20  21  44  17  119  437  23  122  129  14  29  33
7  36  145  68  24  15  23  17  37  30  17  27  43  23  25
7  74  13  19  26  157  18  21  134  23  138  17  17  18  25  11  77  16  89  23  144  36  99  78  238  18  32  18  148  18  34  277  34
7  54  24
7  27  16  19  45  28  58  42  32  19  28  61  26  67  67  25  21  47  30  67  56  226  48  16  14  37  17  103  42  47  40  19  54  34  14
7  26  56  21  39  32  58  30  17  22
7  154  58  19  26  25  22  22  49  20  17  511  18
7  50  49  16  17  19  126  312  18  78
7  573  36  100  53
